Webots Project File version R2022b
perspectives: 000000ff00000000fd0000000200000001000002ce00000342fc0200000001fb0000001400540065007800740045006400690074006f00720100000016000003420000009d00ffffff00000003000007800000007ffc0100000001fb0000001a0043006f006e0073006f006c00650041006c006c0041006c006c0100000000000007800000005400ffffff000004ac0000034200000001000000020000000100000008fc00000000
simulationViewPerspectives: 000000ff000000010000000200000118000005570100000006010000000100
sceneTreePerspectives: 000000ff000000010000000300000018000000c0000000fc0100000006010000000200
maximizedDockId: -1
centralWidgetVisible: 1
orthographicViewHeight: 1
textFiles: 0 "../robotpathplannin_webots/controllers/robot_controller/robot_controller.py"
consoles: Console:All:All
renderingDevicePerspectives: Pioneer 3-DX:camera;1;2.5625;0;0
renderingDevicePerspectives: Pioneer 3-DX:display;1;0.455738;0.0263736;0.467896
