Webots Project File version R2022b
perspectives: 000000ff00000000fd0000000200000001000002ce00000362fc0200000001fb0000001400540065007800740045006400690074006f00720100000016000003620000003e00ffffff00000003000007800000005ffc0100000001fb0000001a0043006f006e0073006f006c00650041006c006c0041006c006c0100000000000007800000005400ffffff000004ac0000036200000001000000020000000100000008fc00000000
simulationViewPerspectives: 000000ff000000010000000200000118000005570100000006010000000100
sceneTreePerspectives: 000000ff000000010000000300000018000000c0000000fc0100000006010000000200
maximizedDockId: -1
centralWidgetVisible: 1
orthographicViewHeight: 1
textFiles: -1
consoles: Console:All:All
renderingDevicePerspectives: Pioneer 3-DX:camera;1;2.48438;0;0
renderingDevicePerspectives: Pioneer 3-DX:sensor_display;1;0.297287;0.750853;0.130036
